200063
200087
200954
201006
201151
201311
201406
201659
201702
201749
201924
201985
202028
202394
202468
202499
202639
202669
202833
202919
202995
203090
203138
203175
203186
203366
203503
203568
203679
203732
203766
203878
203884
203985
204023
204176
204276
204475
204570
204647
204737
204787
204954
205234
205430
205523
205551
205557
205780
205810
205996
206161
206179
206424
206514
206515
206536
206561
206610
206713
206718
207012
207017
207037
207393
207491
207620
207881
207949
207981
208572
208795
208809
208816
208845
209026
209035
209121
209185
209358
209412
209601
209791
209841
209986
210059
210207
210299
210367
210399
210486
210614
210731
211034
211257
211707
211778
211924
211965
211977
211992
212084
212101
212151
212214
212303
212315
212322
212477
212530
212558
212562
212857
212859
212908
212937
213106
213496
213625
213666
214010
214045
214047
214097
214175
214286
214317
214444
214455
214638
214737
214832
214899
214929
215151
215218
215278
215366
215388
215581
215908
216101
216134
216217
216285
216357
216393
216531
216732
216962
217001
217032
217144
217172
217198
217268
217356
217560
217641
217816
218070
218143
218170
218203
218316
218361
218633
218656
219048
219103
219182
219636
219826
220157
220258
220519
220538
220605
221009
221230
221399
221576
221845
221957
222185
222238
222469
222705
223152
223206
223402
223420
223654
223817
223819
224092
224195
224212
224278
224439
224636
224664
224665
224714
224801
224948
225168
225230
225331
225953
225969
226033
226241
226479
226633
226644
226773
226931
227000
227359
227621
227716
227823
227999
228183
228220
228242
228281
228282
228317
228333
228448
228524
228640
228866
228873
228923
228980
229000
229013
229107
229123
229178
229225
229524
229596
229790
229829
229860
229935
229952
230127
230136
230173
230205
230374
230500
230519
230528
230680
230703
230925
230942
230956
231384
231429
231539
231806
232008
232077
232516
232740
232779
232862
233157
233187
233344
233459
233606
233794
233804
233810
233856
234081
234193
234421
234904
234984
235023
235105
235952
235985
236086
236117
236499
236504
236753
237058
237200
237321
237508
237549
237570
237594
237752
238017
238113
238253
238459
238608
238621
238697
238842
239530
239563
239608
239727
239797
239874
239898
239902
239961
240037
240057
240062
240236
240353
240432
240506
240545
240600
240897
240909
241176
241227
241337
241425
241476
241589
242144
242166
242258
242407
242421
242816
242905
243094
243280
243410
243592
243832
243837
243903
243977
244207
244423
244434
244712
244818
244833
244894
244933
245217
245545
245785
246253
246513
246554
246622
246671
246728
246732
246780
246840
246881
246964
247214
247406
247561
248135
248166
248204
248342
248466
248499
248641
248696
248814
248910
249092
249133
249268
249349
249389
249403
249559
249651
249669
249696
249762
249816
249908
249910
250070
250338
250529
250671
250736
250965
251051
251320
251386
251411
251448
251654
251688
251840
251971
252075
252095
252105
252144
252239
252248
252433
252632
252729
252871
252916
253002
253036
253145
253191
253281
253682
253725
253764
253983
254046
254289
254304
254389
254407
254464
254488
254670
254744
255274
255312
255356
255524
255526
255685
255715
255768
255883
256345
256364
256598
256607
256628
256720
256814
256867
256924
257118
257171
257504
257518
257813
257835
257868
258037
258247
258257
258375
258539
258682
258957
258978
259035
259145
259199
259213
259389
259413
259669
259745
260024
260114
260126
260180
260195
260197
260375
260416
260677
260735
261083
261150
261191
261448
261497
261609
261837
262028
262187
262436
262564
262647
262694
262847
262851
262977
263084
263117
263136
263157
263158
263254
263409
263433
263437
263654
263721
263796
264011
264079
264106
264142
264323
264350
264424
264561
264601
264614
264733
264749
264986
265171
265221
265239
265308
265358
265414
265437
265566
265959
266144
266220
266294
266581
266906
266967
267003
267047
267089
267242
267396
267416
267505
267724
267802
267866
267897
267901
267923
268126
268201
268305
268331
268411
268443
268444
268467
268474
268499
268662
268764
268771
268800
268842
269160
269364
269388
269453
269476
269646
269671
269692
269701
270061
270506
270673
270809
270821
270823
271067
271072
271394
271869
272080
272169
272239
272284
272377
272392
272407
272677
272684
272746
272838
272872
272892
273096
273491
273511
273593
273628
273719
273762
273763
273768
273780
273820
273838
273910
273955
274163
274323
274348
274394
274671
274736
274765
275055
275138
275246
275268
275340
275344
275570
275618
275733
275890
275996
276066
276279
276394
276703
277196
277211
277380
277448
277505
277526
277529
277550
277567
277663
277685
277706
277847
277851
277929
278083
278206
278300
278366
278559
278566
278687
278745
278787
278843
279021
279124
279172
279270
279409
279418
279431
279487
279496
279507
279542
279638
279805
279806
279831
280261
280314
280325
280454
280492
280625
280700
280702
280709
280892
281090
281220
281411
281461
281690
281726
281879
281894
281964
282075
282176
282209
282613
282705
282815
282817
282846
283072
283391
283401
283444
283584
283745
283750
283860
283885
283913
283936
284117
284591
284643
284678
284688
284699
284772
284927
284955
285009
285051
285063
285285
285541
285712
285786
285799
285868
285873
285890
285940
286000
286066
286193
286228
286299
286418
286518
286586
286668
286913
286953
287187
287216
287438
287531
287552
287593
287654
287718
287725
287844
287927
287956
288087
288340
288862
289106
289151
289174
289183
289200
289202
289237
289250
289319
289623
289962
290419
290479
290541
290725
290755
290995
291085
291103
291113
291778
291879
292197
292209
292253
292581
292600
292621
292648
292655
292743
292972
293056
293154
293193
293240
293325
293342
293347
293723
293739
293761
293982
294035
294206
294486
295436
295471
295712
295921
295931
295935
295951
295978
296053
296728
296822
296871
296893
296931
297063
297311
297421
297658
297672
297824
297861
298180
298453
298481
298580
298594
298874
299149
299231
299312
299424
299454
299486
299518
299560
299634
299655
299753
299806
299816
299859
299867
299994
